Percentile,drna_all,cdna_all,drna_1000,cdna_1000,,,,,,,,,,,
1,0.535971974,0.931748441,0.681067142,0.956687531,,,drna_all,cdna_all,drna_1000,cdna_1000,,,,,
2,0.781768038,0.959382321,0.85314062,1,,Q1 (1-25_,0.800749553,0.916438447,0.825271402,0.845296784,,,,,
3,0.704934407,0.916669416,0.654611442,0.9372257,,Q2 (26-50),0.847558736,0.78358927,0.814901786,0.623423268,,,,,
4,0.796332737,0.933167255,0.879086944,0.902367077,,Q3 (51-75),0.903925462,0.767322401,0.863864251,0.593258508,,,,,
5,0.802221228,0.881644505,0.843557989,0.830527376,,Q4 (76-100),0.898127013,0.699290593,0.870076088,0.565250737,,,,,
6,0.874418605,0.863859834,0.877940849,0.814303187,,,,,,,,,,,
7,0.816070364,0.923318045,0.819203464,0.938700626,,,,,,,,,,,
8,0.788342278,0.903801102,0.818503072,0.917583999,,,,,,,,,,,
9,0.79754025,0.880176197,0.77867626,0.872185049,,,,,,,,,,,
10,0.755396541,0.943758868,0.703416001,0.892762069,,,,,,,,,,,
11,0.865742397,0.990645725,0.878673076,0.969638103,,,,,,,,,,,
12,0.829576625,0.961263075,0.896055522,0.905496798,,,,,,,,,,,
13,0.842054264,0.92343353,0.850116201,0.810993597,,,,,,,,,,,
14,0.763968396,1,0.859603324,0.910497158,,,,,,,,,,,
15,0.867665474,0.939947867,0.880869759,0.875854378,,,,,,,,,,,
16,0.771675611,0.947437886,0.776925281,0.79289877,,,,,,,,,,,
17,0.849642218,0.959332827,0.888892426,0.818691992,,,,,,,,,,,
18,0.836374478,0.960768139,0.852440228,0.799158213,,,,,,,,,,,
19,0.843753727,0.889414987,0.871446309,0.780235988,,,,,,,,,,,
20,0.641204532,0.87007952,0.747476999,0.681343982,,,,,,,,,,,
21,0.860002982,0.903850596,0.806978447,0.780703648,,,,,,,,,,,
22,0.865995826,0.878031478,0.859666996,0.758975466,,,,,,,,,,,
23,0.841935003,0.854835517,0.851294133,0.726814879,,,,,,,,,,,
24,0.862850328,0.868842182,0.877399637,0.746852292,,,,,,,,,,,
25,0.823300537,0.825551853,0.824742924,0.711921721,,,,,,,,,,,
26,0.830471079,0.831111624,0.878227373,0.707460968,,,,,,,,,,,
27,0.84379845,0.822945194,0.847537487,0.663824736,,,,,,,,,,,
28,0.852683363,0.885455505,0.880997103,0.733038348,,,,,,,,,,,
29,0.767650566,0.816857492,0.672248575,0.630800777,,,,,,,,,,,
30,0.875238521,0.838337678,0.824551909,0.713252752,,,,,,,,,,,
31,0.827101968,0.793678028,0.754162555,0.656090366,,,,,,,,,,,
32,0.801937984,0.805539974,0.84260291,0.684833441,,,,,,,,,,,
33,0.840414431,0.788943148,0.841361307,0.679761134,,,,,,,,,,,
34,0.852415027,0.776437787,0.848874598,0.590941794,,,,,,,,,,,
35,0.857334526,0.79877586,0.847728503,0.591157637,,,,,,,,,,,
36,0.82966607,0.737288415,0.803317309,0.503597381,,,,,,,,,,,
37,0.703652355,0.758356155,0.614116074,0.55173034,,,,,,,,,,,
38,0.864355993,0.736051077,0.831332973,0.475034175,,,,,,,,,,,
39,0.87389684,0.757184809,0.845117952,0.579466149,,,,,,,,,,,
40,0.8653548,0.77831854,0.762057878,0.656558026,,,,,,,,,,,
41,0.874686941,0.775563401,0.81907612,0.613677243,,,,,,,,,,,
42,0.901803816,0.768040387,0.826716755,0.644219009,,,,,,,,,,,
43,0.88931127,0.788712179,0.873674827,0.654723361,,,,,,,,,,,
44,0.852176506,0.739548619,0.821941358,0.662529678,,,,,,,,,,,
45,0.8730322,0.768155872,0.779090128,0.632203756,,,,,,,,,,,
46,0.804308289,0.771570924,0.788927446,0.640369811,,,,,,,,,,,
47,0.835435301,0.776503778,0.885645156,0.584970142,,,,,,,,,,,
48,0.915608229,0.772923747,0.902040686,0.592056983,,,,,,,,,,,
49,0.91996124,0.766852542,0.854254879,0.573458522,,,,,,,,,,,
50,0.83667263,0.736579008,0.726942791,0.569825167,,,,,,,,,,,
51,0.966204532,0.78183258,0.886154532,0.594503202,,,,,,,,,,,
52,0.92960644,0.780529251,0.866034192,0.621699403,,,,,,,,,,,
53,0.948598688,0.773732141,0.874566235,0.578638751,,,,,,,,,,,
54,0.892248062,0.749859768,0.879628156,0.59666163,,,,,,,,,,,
55,0.918202147,0.774936483,0.894463723,0.572379308,,,,,,,,,,,
56,0.809481216,0.797818986,0.889274458,0.607813512,,,,,,,,,,,
57,0.875462135,0.775332431,0.82477476,0.610475574,,,,,,,,,,,
58,0.872942755,0.757696242,0.811817516,0.582883661,,,,,,,,,,,
59,0.912492546,0.7877883,0.891120945,0.649507159,,,,,,,,,,,
60,0.909898629,0.750486686,0.860431059,0.625224836,,,,,,,,,,,
61,0.847957662,0.747781041,0.828849766,0.602165623,,,,,,,,,,,
62,0.914594514,0.745999274,0.869981853,0.601733938,,,,,,,,,,,
63,0.881932021,0.747698551,0.892871924,0.518202748,,,,,,,,,,,
64,0.876937984,0.775926354,0.766387571,0.611302971,,,,,,,,,,,
65,0.883706023,0.76916224,0.8797555,0.523095187,,,,,,,,,,,
66,0.926490757,0.776965717,0.813855019,0.559680553,,,,,,,,,,,
67,0.896168754,0.765136767,0.880806087,0.546046478,,,,,,,,,,,
68,0.842337507,0.776272808,0.754258062,0.577379668,,,,,,,,,,,
69,0.964952296,0.760335896,0.926554392,0.565436362,,,,,,,,,,,
70,0.909033989,0.767034019,0.901085607,0.550435283,,,,,,,,,,,
71,0.898852117,0.798940839,0.843016778,0.630225196,,,,,,,,,,,
72,0.930426357,0.771042993,0.887236955,0.606302612,,,,,,,,,,,
73,0.92917412,0.756953839,0.917512973,0.62195122,,,,,,,,,,,
74,0.950387597,0.734285809,0.919773328,0.615619829,,,,,,,,,,,
75,0.910047704,0.759511004,0.836394894,0.662097993,,,,,,,,,,,
76,0.976431127,0.730606791,0.959950336,0.609108569,,,,,,,,,,,
77,0.950760286,0.729732405,0.855178122,0.593064249,,,,,,,,,,,
78,0.988148479,0.731217211,0.922511222,0.581228865,,,,,,,,,,,
79,0.903369112,0.707724288,0.910540893,0.468882653,,,,,,,,,,,
80,0.952772809,0.722044412,0.965457961,0.551262681,,,,,,,,,,,
81,0.92850328,0.734879731,0.880806087,0.562126772,,,,,,,,,,,
82,0.920423375,0.775744877,0.935341123,0.620368372,,,,,,,,,,,
83,0.918679189,0.742798693,0.862627742,0.635117634,,,,,,,,,,,
84,0.95263864,0.764592338,0.887969183,0.591589323,,,,,,,,,,,
85,0.958020274,0.750618669,0.954920251,0.593136197,,,,,,,,,,,
86,0.969484198,0.744943412,0.901785999,0.566335708,,,,,,,,,,,
87,0.950670841,0.746626192,0.909394798,0.563134038,,,,,,,,,,,
88,0.974880739,0.749859768,0.89535513,0.578782646,,,,,,,100,0.053234943,0.249282344,0.046002993,0.21408015
89,0.967903995,0.753324315,0.915857502,0.592308799,,,,,,,,,,,
90,0.95515802,0.741280892,0.889751998,0.632635441,,,,,,,,,,,
91,0.996302922,0.679150031,0.992773232,0.597309159,,,,,,,,,,,
92,1,0.688636289,0.98930311,0.574825527,,,,,,,,,,,
93,0.893679189,0.703979279,0.807933526,0.580077703,,,,,,,,,,,
94,0.908556947,0.685023262,0.799974531,0.524534139,,,,,,,,,,,
95,0.868217054,0.67618042,0.859125784,0.545758688,,,,,,,,,,,
96,0.998583781,0.714537896,0.96966031,0.603784445,,,,,,,,,,,
97,0.909242695,0.738740225,0.835598994,0.631520253,,,,,,,,,,,
98,0.916905188,0.664796912,1,0.560723793,,,,,,,,,,,
99,0.640608229,0.555944171,0.804081373,0.559572631,,,,,,,,,,,
100,0.640608229,0.555944171,0.804081373,0.559572631,,,,,,,,,,,